339.99999999999994
450.0
570.0
690.0000000000001
810.0
940.0
1060.0
1180.0000000000002
1330.0
1460.0
1579.9999999999998
1690.0
1800.0
1890.0
1990.0
2130.0
2250.0
2360.0
2560.0
2670.0
2800.0000000000005
2949.9999999999995
3060.0
3179.9999999999995
3320.0000000000005
3440.0
3550.0000000000005
3690.0
3990.0
4090.0

240.0
380.0
210.0
240.00000000000003
279.99999999999994
320.0
339.99999999999994
350.0
210.0
240.0
200.0
229.99999999999997
260.0
290.00000000000006
199.99999999999997
220.0
240.00000000000003
250.0
270.0
290.0
310.0
570.0
679.9999999999999
710.0
760.0
770.0
790.0
810.0
840.0
860.0
890.0
910.0
930.0
960.0000000000001
990.0
1010.0
1030.0
1050.0
1070.0
1080.0
1090.0
1110.0
1130.0000000000002
1140.0000000000002
1170.0
1180.0
1200.0
1220.0
1240.0
1260.0
1270.0
1280.0
1290.0
1310.0
1330.0
1350.0
1360.0
1380.0000000000002
1400.0000000000002
1410.0000000000002
1420.0
1430.0
1450.0
1460.0
1480.0
1500.0
1520.0
1540.0
1550.0
1570.0
1580.0
1590.0
1610.0
1620.0
1630.0000000000002
1640.0000000000002
1660.0000000000002
1670.0
1680.0000000000002
1700.0000000000002
1710.0
1730.0
1739.9999999999998
1759.9999999999998
1770.0
